0 0 0.3333333333333334
0 1 0.3333333333333334
0 2 0.6666666666666667
0 3 0.6666666666666667
0 4 0.6666666666666667
0 5 0.6666666666666667
0 6 0.6666666666666667
0 7 0.6666666666666667
0 8 0.6666666666666667
0 9 0.3333333333333334
0 10 0.6666666666666667
0 13 0.6666666666666667
0 14 0.3333333333333334
0 15 0.3333333333333334
0 16 0.6666666666666667
0 17 0.6666666666666667
0 18 0.6666666666666667
0 19 0.6666666666666667
0 20 0.3333333333333334
0 21 0.3333333333333334
0 22 0.3333333333333334
0 23 0.3333333333333334
0 24 0.6666666666666667
0 25 0.6666666666666667
0 26 0.6666666666666667
0 27 0.6666666666666667
0 28 0.3333333333333334
0 29 0.3333333333333334
0 30 0.6666666666666667
0 31 0.6666666666666667
0 32 0.6666666666666667
0 39 0.6666666666666667
0 44 0.6666666666666667
0 45 0.3333333333333334
0 47 0.6666666666666667
0 48 0.6666666666666667
0 49 0.6666666666666667
0 50 0.3333333333333334
0 51 0.6666666666666667
1 0 0.3333333333333334
1 1 0.3333333333333334
1 2 0.6666666666666667
1 3 0.6666666666666667
1 4 0.6666666666666667
1 5 0.6666666666666667
1 6 0.6666666666666667
1 7 0.6666666666666667
1 8 0.6666666666666667
1 9 0.3333333333333334
1 10 0.6666666666666667
1 13 0.6666666666666667
1 14 0.3333333333333334
1 15 0.3333333333333334
1 16 0.6666666666666667
1 17 0.6666666666666667
1 18 0.6666666666666667
1 19 0.6666666666666667
1 20 0.3333333333333334
1 21 0.3333333333333334
1 22 0.3333333333333334
1 23 0.3333333333333334
1 24 0.6666666666666667
1 25 0.6666666666666667
1 26 0.6666666666666667
1 27 0.6666666666666667
1 28 0.3333333333333334
1 29 0.3333333333333334
1 30 0.6666666666666667
1 31 0.6666666666666667
1 32 0.6666666666666667
1 39 0.6666666666666667
1 44 0.6666666666666667
1 45 0.3333333333333334
1 47 0.6666666666666667
1 48 0.6666666666666667
1 49 0.6666666666666667
1 50 0.3333333333333334
1 51 0.6666666666666667
2 0 0.6666666666666667
2 1 0.6666666666666667
2 2 0.3333333333333334
2 3 0.3333333333333334
2 4 0.6666666666666667
2 5 0.3333333333333334
2 6 0.6666666666666667
2 7 0.6666666666666667
2 8 0.3333333333333334
2 9 0.6666666666666667
2 10 0.6666666666666667
2 12 0.6666666666666667
2 13 0.6666666666666667
2 14 0.6666666666666667
2 15 0.6666666666666667
2 16 0.6666666666666667
2 17 0.3333333333333334
2 18 0.3333333333333334
2 19 0.6666666666666667
2 20 0.6666666666666667
2 21 0.6666666666666667
2 22 0.6666666666666667
2 23 0.6666666666666667
2 24 0.3333333333333334
2 25 0.3333333333333334
2 26 0.3333333333333334
2 27 0.3333333333333334
2 28 0.6666666666666667
2 29 0.6666666666666667
2 30 0.6666666666666667
2 31 0.6666666666666667
2 32 0.3333333333333334
2 37 0.6666666666666667
2 38 0.6666666666666667
2 39 0.3333333333333334
2 41 0.6666666666666667
2 44 0.6666666666666667
2 45 0.6666666666666667
2 46 0.6666666666666667
2 47 0.6666666666666667
2 48 0.3333333333333334
2 49 0.6666666666666667
2 50 0.6666666666666667
2 51 0.3333333333333334
2 54 0.6666666666666667
3 0 0.6666666666666667
3 1 0.6666666666666667
3 2 0.3333333333333334
3 3 0.3333333333333334
3 4 0.6666666666666667
3 5 0.3333333333333334
3 6 0.6666666666666667
3 7 0.6666666666666667
3 8 0.3333333333333334
3 9 0.6666666666666667
3 10 0.6666666666666667
3 12 0.6666666666666667
3 13 0.6666666666666667
3 14 0.6666666666666667
3 15 0.6666666666666667
3 16 0.6666666666666667
3 17 0.3333333333333334
3 18 0.3333333333333334
3 19 0.6666666666666667
3 20 0.6666666666666667
3 21 0.6666666666666667
3 22 0.6666666666666667
3 23 0.6666666666666667
3 24 0.3333333333333334
3 25 0.3333333333333334
3 26 0.3333333333333334
3 27 0.3333333333333334
3 28 0.6666666666666667
3 29 0.6666666666666667
3 30 0.6666666666666667
3 31 0.6666666666666667
3 32 0.3333333333333334
3 37 0.6666666666666667
3 38 0.6666666666666667
3 39 0.3333333333333334
3 41 0.6666666666666667
3 44 0.6666666666666667
3 45 0.6666666666666667
3 46 0.6666666666666667
3 47 0.6666666666666667
3 48 0.3333333333333334
3 49 0.6666666666666667
3 50 0.6666666666666667
3 51 0.3333333333333334
3 54 0.6666666666666667
4 0 0.6666666666666667
4 1 0.6666666666666667
4 2 0.6666666666666667
4 3 0.6666666666666667
4 4 0.3333333333333334
4 5 0.6666666666666667
4 6 0.3333333333333334
4 7 0.6666666666666667
4 8 0.6666666666666667
4 9 0.6666666666666667
4 10 0.6666666666666667
4 11 0.6666666666666667
4 13 0.3333333333333334
4 14 0.6666666666666667
4 15 0.6666666666666667
4 16 0.6666666666666667
4 17 0.6666666666666667
4 18 0.6666666666666667
4 19 0.3333333333333334
4 20 0.6666666666666667
4 21 0.6666666666666667
4 22 0.6666666666666667
4 23 0.6666666666666667
4 24 0.6666666666666667
4 25 0.6666666666666667
4 26 0.6666666666666667
4 27 0.6666666666666667
4 28 0.6666666666666667
4 29 0.6666666666666667
4 30 0.6666666666666667
4 31 0.3333333333333334
4 32 0.6666666666666667
4 39 0.6666666666666667
4 44 0.3333333333333334
4 45 0.6666666666666667
4 47 0.3333333333333334
4 48 0.6666666666666667
4 49 0.6666666666666667
4 50 0.6666666666666667
4 51 0.6666666666666667
5 0 0.6666666666666667
5 1 0.6666666666666667
5 2 0.3333333333333334
5 3 0.3333333333333334
5 4 0.6666666666666667
5 5 0.3333333333333334
5 6 0.6666666666666667
5 7 0.6666666666666667
5 8 0.3333333333333334
5 9 0.6666666666666667
5 10 0.6666666666666667
5 12 0.6666666666666667
5 13 0.6666666666666667
5 14 0.6666666666666667
5 15 0.6666666666666667
5 16 0.6666666666666667
5 17 0.3333333333333334
5 18 0.3333333333333334
5 19 0.6666666666666667
5 20 0.6666666666666667
5 21 0.6666666666666667
5 22 0.6666666666666667
5 23 0.6666666666666667
5 24 0.3333333333333334
5 25 0.3333333333333334
5 26 0.3333333333333334
5 27 0.3333333333333334
5 28 0.6666666666666667
5 29 0.6666666666666667
5 30 0.6666666666666667
5 31 0.6666666666666667
5 32 0.3333333333333334
5 37 0.6666666666666667
5 38 0.6666666666666667
5 39 0.3333333333333334
5 41 0.6666666666666667
5 44 0.6666666666666667
5 45 0.6666666666666667
5 46 0.6666666666666667
5 47 0.6666666666666667
5 48 0.3333333333333334
5 49 0.6666666666666667
5 50 0.6666666666666667
5 51 0.3333333333333334
5 54 0.6666666666666667
6 0 0.6666666666666667
6 1 0.6666666666666667
6 2 0.6666666666666667
6 3 0.6666666666666667
6 4 0.3333333333333334
6 5 0.6666666666666667
6 6 0.3333333333333334
6 7 0.6666666666666667
6 8 0.6666666666666667
6 9 0.6666666666666667
6 10 0.6666666666666667
6 11 0.6666666666666667
6 13 0.3333333333333334
6 14 0.6666666666666667
6 15 0.6666666666666667
6 16 0.6666666666666667
6 17 0.6666666666666667
6 18 0.6666666666666667
6 19 0.3333333333333334
6 20 0.6666666666666667
6 21 0.6666666666666667
6 22 0.6666666666666667
6 23 0.6666666666666667
6 24 0.6666666666666667
6 25 0.6666666666666667
6 26 0.6666666666666667
6 27 0.6666666666666667
6 28 0.6666666666666667
6 29 0.6666666666666667
6 30 0.6666666666666667
6 31 0.3333333333333334
6 32 0.6666666666666667
6 39 0.6666666666666667
6 44 0.3333333333333334
6 45 0.6666666666666667
6 47 0.3333333333333334
6 48 0.6666666666666667
6 49 0.6666666666666667
6 50 0.6666666666666667
6 51 0.6666666666666667
7 0 0.6666666666666667
7 1 0.6666666666666667
7 2 0.6666666666666667
7 3 0.6666666666666667
7 4 0.6666666666666667
7 5 0.6666666666666667
7 6 0.6666666666666667
7 7 0.3333333333333334
7 8 0.6666666666666667
7 9 0.6666666666666667
7 10 0.3333333333333334
7 13 0.6666666666666667
7 14 0.6666666666666667
7 15 0.6666666666666667
7 16 0.3333333333333334
7 17 0.6666666666666667
7 18 0.6666666666666667
7 19 0.6666666666666667
7 20 0.6666666666666667
7 21 0.6666666666666667
7 22 0.6666666666666667
7 23 0.6666666666666667
7 24 0.6666666666666667
7 25 0.6666666666666667
7 26 0.6666666666666667
7 27 0.6666666666666667
7 28 0.6666666666666667
7 29 0.6666666666666667
7 30 0.3333333333333334
7 31 0.6666666666666667
7 32 0.6666666666666667
7 33 0.6666666666666667
7 34 0.6666666666666667
7 39 0.6666666666666667
7 40 0.6666666666666667
7 42 0.6666666666666667
7 44 0.6666666666666667
7 45 0.6666666666666667
7 47 0.6666666666666667
7 48 0.6666666666666667
7 49 0.3333333333333334
7 50 0.6666666666666667
7 51 0.6666666666666667
7 53 0.6666666666666667
7 56 0.6666666666666667
7 57 0.6666666666666667
8 0 0.6666666666666667
8 1 0.6666666666666667
8 2 0.3333333333333334
8 3 0.3333333333333334
8 4 0.6666666666666667
8 5 0.3333333333333334
8 6 0.6666666666666667
8 7 0.6666666666666667
8 8 0.3333333333333334
8 9 0.6666666666666667
8 10 0.6666666666666667
8 12 0.6666666666666667
8 13 0.6666666666666667
8 14 0.6666666666666667
8 15 0.6666666666666667
8 16 0.6666666666666667
8 17 0.3333333333333334
8 18 0.3333333333333334
8 19 0.6666666666666667
8 20 0.6666666666666667
8 21 0.6666666666666667
8 22 0.6666666666666667
8 23 0.6666666666666667
8 24 0.3333333333333334
8 25 0.3333333333333334
8 26 0.3333333333333334
8 27 0.3333333333333334
8 28 0.6666666666666667
8 29 0.6666666666666667
8 30 0.6666666666666667
8 31 0.6666666666666667
8 32 0.3333333333333334
8 37 0.6666666666666667
8 38 0.6666666666666667
8 39 0.3333333333333334
8 41 0.6666666666666667
8 44 0.6666666666666667
8 45 0.6666666666666667
8 46 0.6666666666666667
8 47 0.6666666666666667
8 48 0.3333333333333334
8 49 0.6666666666666667
8 50 0.6666666666666667
8 51 0.3333333333333334
8 54 0.6666666666666667
9 0 0.3333333333333334
9 1 0.3333333333333334
9 2 0.6666666666666667
9 3 0.6666666666666667
9 4 0.6666666666666667
9 5 0.6666666666666667
9 6 0.6666666666666667
9 7 0.6666666666666667
9 8 0.6666666666666667
9 9 0.3333333333333334
9 10 0.6666666666666667
9 13 0.6666666666666667
9 14 0.3333333333333334
9 15 0.3333333333333334
9 16 0.6666666666666667
9 17 0.6666666666666667
9 18 0.6666666666666667
9 19 0.6666666666666667
9 20 0.3333333333333334
9 21 0.3333333333333334
9 22 0.3333333333333334
9 23 0.3333333333333334
9 24 0.6666666666666667
9 25 0.6666666666666667
9 26 0.6666666666666667
9 27 0.6666666666666667
9 28 0.3333333333333334
9 29 0.3333333333333334
9 30 0.6666666666666667
9 31 0.6666666666666667
9 32 0.6666666666666667
9 39 0.6666666666666667
9 44 0.6666666666666667
9 45 0.3333333333333334
9 47 0.6666666666666667
9 48 0.6666666666666667
9 49 0.6666666666666667
9 50 0.3333333333333334
9 51 0.6666666666666667
10 0 0.6666666666666667
10 1 0.6666666666666667
10 2 0.6666666666666667
10 3 0.6666666666666667
10 4 0.6666666666666667
10 5 0.6666666666666667
10 6 0.6666666666666667
10 7 0.3333333333333334
10 8 0.6666666666666667
10 9 0.6666666666666667
10 10 0.3333333333333334
10 13 0.6666666666666667
10 14 0.6666666666666667
10 15 0.6666666666666667
10 16 0.3333333333333334
10 17 0.6666666666666667
10 18 0.6666666666666667
10 19 0.6666666666666667
10 20 0.6666666666666667
10 21 0.6666666666666667
10 22 0.6666666666666667
10 23 0.6666666666666667
10 24 0.6666666666666667
10 25 0.6666666666666667
10 26 0.6666666666666667
10 27 0.6666666666666667
10 28 0.6666666666666667
10 29 0.6666666666666667
10 30 0.3333333333333334
10 31 0.6666666666666667
10 32 0.6666666666666667
10 33 0.6666666666666667
10 34 0.6666666666666667
10 39 0.6666666666666667
10 40 0.6666666666666667
10 42 0.6666666666666667
10 44 0.6666666666666667
10 45 0.6666666666666667
10 47 0.6666666666666667
10 48 0.6666666666666667
10 49 0.3333333333333334
10 50 0.6666666666666667
10 51 0.6666666666666667
10 53 0.6666666666666667
10 56 0.6666666666666667
10 57 0.6666666666666667
11 4 0.6666666666666667
11 6 0.6666666666666667
11 11 0.3333333333333334
11 12 0.6666666666666667
11 13 0.6666666666666667
11 19 0.6666666666666667
11 31 0.6666666666666667
11 33 0.6666666666666667
11 34 0.6666666666666667
11 35 0.6666666666666667
11 36 0.6666666666666667
11 37 0.6666666666666667
11 38 0.6666666666666667
11 40 0.6666666666666667
11 41 0.6666666666666667
11 42 0.6666666666666667
11 43 0.6666666666666667
11 44 0.6666666666666667
11 46 0.6666666666666667
11 47 0.6666666666666667
11 52 0.6666666666666667
11 53 0.6666666666666667
11 54 0.6666666666666667
11 55 0.6666666666666667
11 56 0.6666666666666667
11 57 0.6666666666666667
12 2 0.6666666666666667
12 3 0.6666666666666667
12 5 0.6666666666666667
12 8 0.6666666666666667
12 11 0.6666666666666667
12 12 0.3333333333333334
12 17 0.6666666666666667
12 18 0.6666666666666667
12 24 0.6666666666666667
12 25 0.6666666666666667
12 26 0.6666666666666667
12 27 0.6666666666666667
12 32 0.6666666666666667
12 33 0.6666666666666667
12 34 0.6666666666666667
12 35 0.6666666666666667
12 36 0.6666666666666667
12 37 0.3333333333333334
12 38 0.3333333333333334
12 39 0.6666666666666667
12 40 0.6666666666666667
12 41 0.3333333333333334
12 42 0.6666666666666667
12 43 0.6666666666666667
12 46 0.3333333333333334
12 48 0.6666666666666667
12 51 0.6666666666666667
12 52 0.6666666666666667
12 53 0.6666666666666667
12 54 0.3333333333333334
12 55 0.6666666666666667
12 56 0.6666666666666667
12 57 0.6666666666666667
13 0 0.6666666666666667
13 1 0.6666666666666667
13 2 0.6666666666666667
13 3 0.6666666666666667
13 4 0.3333333333333334
13 5 0.6666666666666667
13 6 0.3333333333333334
13 7 0.6666666666666667
13 8 0.6666666666666667
13 9 0.6666666666666667
13 10 0.6666666666666667
13 11 0.6666666666666667
13 13 0.3333333333333334
13 14 0.6666666666666667
13 15 0.6666666666666667
13 16 0.6666666666666667
13 17 0.6666666666666667
13 18 0.6666666666666667
13 19 0.3333333333333334
13 20 0.6666666666666667
13 21 0.6666666666666667
13 22 0.6666666666666667
13 23 0.6666666666666667
13 24 0.6666666666666667
13 25 0.6666666666666667
13 26 0.6666666666666667
13 27 0.6666666666666667
13 28 0.6666666666666667
13 29 0.6666666666666667
13 30 0.6666666666666667
13 31 0.3333333333333334
13 32 0.6666666666666667
13 39 0.6666666666666667
13 44 0.3333333333333334
13 45 0.6666666666666667
13 47 0.3333333333333334
13 48 0.6666666666666667
13 49 0.6666666666666667
13 50 0.6666666666666667
13 51 0.6666666666666667
14 0 0.3333333333333334
14 1 0.3333333333333334
14 2 0.6666666666666667
14 3 0.6666666666666667
14 4 0.6666666666666667
14 5 0.6666666666666667
14 6 0.6666666666666667
14 7 0.6666666666666667
14 8 0.6666666666666667
14 9 0.3333333333333334
14 10 0.6666666666666667
14 13 0.6666666666666667
14 14 0.3333333333333334
14 15 0.3333333333333334
14 16 0.6666666666666667
14 17 0.6666666666666667
14 18 0.6666666666666667
14 19 0.6666666666666667
14 20 0.3333333333333334
14 21 0.3333333333333334
14 22 0.3333333333333334
14 23 0.3333333333333334
14 24 0.6666666666666667
14 25 0.6666666666666667
14 26 0.6666666666666667
14 27 0.6666666666666667
14 28 0.3333333333333334
14 29 0.3333333333333334
14 30 0.6666666666666667
14 31 0.6666666666666667
14 32 0.6666666666666667
14 39 0.6666666666666667
14 44 0.6666666666666667
14 45 0.3333333333333334
14 47 0.6666666666666667
14 48 0.6666666666666667
14 49 0.6666666666666667
14 50 0.3333333333333334
14 51 0.6666666666666667
15 0 0.3333333333333334
15 1 0.3333333333333334
15 2 0.6666666666666667
15 3 0.6666666666666667
15 4 0.6666666666666667
15 5 0.6666666666666667
15 6 0.6666666666666667
15 7 0.6666666666666667
15 8 0.6666666666666667
15 9 0.3333333333333334
15 10 0.6666666666666667
15 13 0.6666666666666667
15 14 0.3333333333333334
15 15 0.3333333333333334
15 16 0.6666666666666667
15 17 0.6666666666666667
15 18 0.6666666666666667
15 19 0.6666666666666667
15 20 0.3333333333333334
15 21 0.3333333333333334
15 22 0.3333333333333334
15 23 0.3333333333333334
15 24 0.6666666666666667
15 25 0.6666666666666667
15 26 0.6666666666666667
15 27 0.6666666666666667
15 28 0.3333333333333334
15 29 0.3333333333333334
15 30 0.6666666666666667
15 31 0.6666666666666667
15 32 0.6666666666666667
15 39 0.6666666666666667
15 44 0.6666666666666667
15 45 0.3333333333333334
15 47 0.6666666666666667
15 48 0.6666666666666667
15 49 0.6666666666666667
15 50 0.3333333333333334
15 51 0.6666666666666667
16 0 0.6666666666666667
16 1 0.6666666666666667
16 2 0.6666666666666667
16 3 0.6666666666666667
16 4 0.6666666666666667
16 5 0.6666666666666667
16 6 0.6666666666666667
16 7 0.3333333333333334
16 8 0.6666666666666667
16 9 0.6666666666666667
16 10 0.3333333333333334
16 13 0.6666666666666667
16 14 0.6666666666666667
16 15 0.6666666666666667
16 16 0.3333333333333334
16 17 0.6666666666666667
16 18 0.6666666666666667
16 19 0.6666666666666667
16 20 0.6666666666666667
16 21 0.6666666666666667
16 22 0.6666666666666667
16 23 0.6666666666666667
16 24 0.6666666666666667
16 25 0.6666666666666667
16 26 0.6666666666666667
16 27 0.6666666666666667
16 28 0.6666666666666667
16 29 0.6666666666666667
16 30 0.3333333333333334
16 31 0.6666666666666667
16 32 0.6666666666666667
16 33 0.6666666666666667
16 34 0.6666666666666667
16 39 0.6666666666666667
16 40 0.6666666666666667
16 42 0.6666666666666667
16 44 0.6666666666666667
16 45 0.6666666666666667
16 47 0.6666666666666667
16 48 0.6666666666666667
16 49 0.3333333333333334
16 50 0.6666666666666667
16 51 0.6666666666666667
16 53 0.6666666666666667
16 56 0.6666666666666667
16 57 0.6666666666666667
17 0 0.6666666666666667
17 1 0.6666666666666667
17 2 0.3333333333333334
17 3 0.3333333333333334
17 4 0.6666666666666667
17 5 0.3333333333333334
17 6 0.6666666666666667
17 7 0.6666666666666667
17 8 0.3333333333333334
17 9 0.6666666666666667
17 10 0.6666666666666667
17 12 0.6666666666666667
17 13 0.6666666666666667
17 14 0.6666666666666667
17 15 0.6666666666666667
17 16 0.6666666666666667
17 17 0.3333333333333334
17 18 0.3333333333333334
17 19 0.6666666666666667
17 20 0.6666666666666667
17 21 0.6666666666666667
17 22 0.6666666666666667
17 23 0.6666666666666667
17 24 0.3333333333333334
17 25 0.3333333333333334
17 26 0.3333333333333334
17 27 0.3333333333333334
17 28 0.6666666666666667
17 29 0.6666666666666667
17 30 0.6666666666666667
17 31 0.6666666666666667
17 32 0.3333333333333334
17 37 0.6666666666666667
17 38 0.6666666666666667
17 39 0.3333333333333334
17 41 0.6666666666666667
17 44 0.6666666666666667
17 45 0.6666666666666667
17 46 0.6666666666666667
17 47 0.6666666666666667
17 48 0.3333333333333334
17 49 0.6666666666666667
17 50 0.6666666666666667
17 51 0.3333333333333334
17 54 0.6666666666666667
18 0 0.6666666666666667
18 1 0.6666666666666667
18 2 0.3333333333333334
18 3 0.3333333333333334
18 4 0.6666666666666667
18 5 0.3333333333333334
18 6 0.6666666666666667
18 7 0.6666666666666667
18 8 0.3333333333333334
18 9 0.6666666666666667
18 10 0.6666666666666667
18 12 0.6666666666666667
18 13 0.6666666666666667
18 14 0.6666666666666667
18 15 0.6666666666666667
18 16 0.6666666666666667
18 17 0.3333333333333334
18 18 0.3333333333333334
18 19 0.6666666666666667
18 20 0.6666666666666667
18 21 0.6666666666666667
18 22 0.6666666666666667
18 23 0.6666666666666667
18 24 0.3333333333333334
18 25 0.3333333333333334
18 26 0.3333333333333334
18 27 0.3333333333333334
18 28 0.6666666666666667
18 29 0.6666666666666667
18 30 0.6666666666666667
18 31 0.6666666666666667
18 32 0.3333333333333334
18 37 0.6666666666666667
18 38 0.6666666666666667
18 39 0.3333333333333334
18 41 0.6666666666666667
18 44 0.6666666666666667
18 45 0.6666666666666667
18 46 0.6666666666666667
18 47 0.6666666666666667
18 48 0.3333333333333334
18 49 0.6666666666666667
18 50 0.6666666666666667
18 51 0.3333333333333334
18 54 0.6666666666666667
19 0 0.6666666666666667
19 1 0.6666666666666667
19 2 0.6666666666666667
19 3 0.6666666666666667
19 4 0.3333333333333334
19 5 0.6666666666666667
19 6 0.3333333333333334
19 7 0.6666666666666667
19 8 0.6666666666666667
19 9 0.6666666666666667
19 10 0.6666666666666667
19 11 0.6666666666666667
19 13 0.3333333333333334
19 14 0.6666666666666667
19 15 0.6666666666666667
19 16 0.6666666666666667
19 17 0.6666666666666667
19 18 0.6666666666666667
19 19 0.3333333333333334
19 20 0.6666666666666667
19 21 0.6666666666666667
19 22 0.6666666666666667
19 23 0.6666666666666667
19 24 0.6666666666666667
19 25 0.6666666666666667
19 26 0.6666666666666667
19 27 0.6666666666666667
19 28 0.6666666666666667
19 29 0.6666666666666667
19 30 0.6666666666666667
19 31 0.3333333333333334
19 32 0.6666666666666667
19 39 0.6666666666666667
19 44 0.3333333333333334
19 45 0.6666666666666667
19 47 0.3333333333333334
19 48 0.6666666666666667
19 49 0.6666666666666667
19 50 0.6666666666666667
19 51 0.6666666666666667
20 0 0.3333333333333334
20 1 0.3333333333333334
20 2 0.6666666666666667
20 3 0.6666666666666667
20 4 0.6666666666666667
20 5 0.6666666666666667
20 6 0.6666666666666667
20 7 0.6666666666666667
20 8 0.6666666666666667
20 9 0.3333333333333334
20 10 0.6666666666666667
20 13 0.6666666666666667
20 14 0.3333333333333334
20 15 0.3333333333333334
20 16 0.6666666666666667
20 17 0.6666666666666667
20 18 0.6666666666666667
20 19 0.6666666666666667
20 20 0.3333333333333334
20 21 0.3333333333333334
20 22 0.3333333333333334
20 23 0.3333333333333334
20 24 0.6666666666666667
20 25 0.6666666666666667
20 26 0.6666666666666667
20 27 0.6666666666666667
20 28 0.3333333333333334
20 29 0.3333333333333334
20 30 0.6666666666666667
20 31 0.6666666666666667
20 32 0.6666666666666667
20 39 0.6666666666666667
20 44 0.6666666666666667
20 45 0.3333333333333334
20 47 0.6666666666666667
20 48 0.6666666666666667
20 49 0.6666666666666667
20 50 0.3333333333333334
20 51 0.6666666666666667
21 0 0.3333333333333334
21 1 0.3333333333333334
21 2 0.6666666666666667
21 3 0.6666666666666667
21 4 0.6666666666666667
21 5 0.6666666666666667
21 6 0.6666666666666667
21 7 0.6666666666666667
21 8 0.6666666666666667
21 9 0.3333333333333334
21 10 0.6666666666666667
21 13 0.6666666666666667
21 14 0.3333333333333334
21 15 0.3333333333333334
21 16 0.6666666666666667
21 17 0.6666666666666667
21 18 0.6666666666666667
21 19 0.6666666666666667
21 20 0.3333333333333334
21 21 0.3333333333333334
21 22 0.3333333333333334
21 23 0.3333333333333334
21 24 0.6666666666666667
21 25 0.6666666666666667
21 26 0.6666666666666667
21 27 0.6666666666666667
21 28 0.3333333333333334
21 29 0.3333333333333334
21 30 0.6666666666666667
21 31 0.6666666666666667
21 32 0.6666666666666667
21 39 0.6666666666666667
21 44 0.6666666666666667
21 45 0.3333333333333334
21 47 0.6666666666666667
21 48 0.6666666666666667
21 49 0.6666666666666667
21 50 0.3333333333333334
21 51 0.6666666666666667
22 0 0.3333333333333334
22 1 0.3333333333333334
22 2 0.6666666666666667
22 3 0.6666666666666667
22 4 0.6666666666666667
22 5 0.6666666666666667
22 6 0.6666666666666667
22 7 0.6666666666666667
22 8 0.6666666666666667
22 9 0.3333333333333334
22 10 0.6666666666666667
22 13 0.6666666666666667
22 14 0.3333333333333334
22 15 0.3333333333333334
22 16 0.6666666666666667
22 17 0.6666666666666667
22 18 0.6666666666666667
22 19 0.6666666666666667
22 20 0.3333333333333334
22 21 0.3333333333333334
22 22 0.3333333333333334
22 23 0.3333333333333334
22 24 0.6666666666666667
22 25 0.6666666666666667
22 26 0.6666666666666667
22 27 0.6666666666666667
22 28 0.3333333333333334
22 29 0.3333333333333334
22 30 0.6666666666666667
22 31 0.6666666666666667
22 32 0.6666666666666667
22 39 0.6666666666666667
22 44 0.6666666666666667
22 45 0.3333333333333334
22 47 0.6666666666666667
22 48 0.6666666666666667
22 49 0.6666666666666667
22 50 0.3333333333333334
22 51 0.6666666666666667
23 0 0.3333333333333334
23 1 0.3333333333333334
23 2 0.6666666666666667
23 3 0.6666666666666667
23 4 0.6666666666666667
23 5 0.6666666666666667
23 6 0.6666666666666667
23 7 0.6666666666666667
23 8 0.6666666666666667
23 9 0.3333333333333334
23 10 0.6666666666666667
23 13 0.6666666666666667
23 14 0.3333333333333334
23 15 0.3333333333333334
23 16 0.6666666666666667
23 17 0.6666666666666667
23 18 0.6666666666666667
23 19 0.6666666666666667
23 20 0.3333333333333334
23 21 0.3333333333333334
23 22 0.3333333333333334
23 23 0.3333333333333334
23 24 0.6666666666666667
23 25 0.6666666666666667
23 26 0.6666666666666667
23 27 0.6666666666666667
23 28 0.3333333333333334
23 29 0.3333333333333334
23 30 0.6666666666666667
23 31 0.6666666666666667
23 32 0.6666666666666667
23 39 0.6666666666666667
23 44 0.6666666666666667
23 45 0.3333333333333334
23 47 0.6666666666666667
23 48 0.6666666666666667
23 49 0.6666666666666667
23 50 0.3333333333333334
23 51 0.6666666666666667
24 0 0.6666666666666667
24 1 0.6666666666666667
24 2 0.3333333333333334
24 3 0.3333333333333334
24 4 0.6666666666666667
24 5 0.3333333333333334
24 6 0.6666666666666667
24 7 0.6666666666666667
24 8 0.3333333333333334
24 9 0.6666666666666667
24 10 0.6666666666666667
24 12 0.6666666666666667
24 13 0.6666666666666667
24 14 0.6666666666666667
24 15 0.6666666666666667
24 16 0.6666666666666667
24 17 0.3333333333333334
24 18 0.3333333333333334
24 19 0.6666666666666667
24 20 0.6666666666666667
24 21 0.6666666666666667
24 22 0.6666666666666667
24 23 0.6666666666666667
24 24 0.3333333333333334
24 25 0.3333333333333334
24 26 0.3333333333333334
24 27 0.3333333333333334
24 28 0.6666666666666667
24 29 0.6666666666666667
24 30 0.6666666666666667
24 31 0.6666666666666667
24 32 0.3333333333333334
24 37 0.6666666666666667
24 38 0.6666666666666667
24 39 0.3333333333333334
24 41 0.6666666666666667
24 44 0.6666666666666667
24 45 0.6666666666666667
24 46 0.6666666666666667
24 47 0.6666666666666667
24 48 0.3333333333333334
24 49 0.6666666666666667
24 50 0.6666666666666667
24 51 0.3333333333333334
24 54 0.6666666666666667
25 0 0.6666666666666667
25 1 0.6666666666666667
25 2 0.3333333333333334
25 3 0.3333333333333334
25 4 0.6666666666666667
25 5 0.3333333333333334
25 6 0.6666666666666667
25 7 0.6666666666666667
25 8 0.3333333333333334
25 9 0.6666666666666667
25 10 0.6666666666666667
25 12 0.6666666666666667
25 13 0.6666666666666667
25 14 0.6666666666666667
25 15 0.6666666666666667
25 16 0.6666666666666667
25 17 0.3333333333333334
25 18 0.3333333333333334
25 19 0.6666666666666667
25 20 0.6666666666666667
25 21 0.6666666666666667
25 22 0.6666666666666667
25 23 0.6666666666666667
25 24 0.3333333333333334
25 25 0.3333333333333334
25 26 0.3333333333333334
25 27 0.3333333333333334
25 28 0.6666666666666667
25 29 0.6666666666666667
25 30 0.6666666666666667
25 31 0.6666666666666667
25 32 0.3333333333333334
25 37 0.6666666666666667
25 38 0.6666666666666667
25 39 0.3333333333333334
25 41 0.6666666666666667
25 44 0.6666666666666667
25 45 0.6666666666666667
25 46 0.6666666666666667
25 47 0.6666666666666667
25 48 0.3333333333333334
25 49 0.6666666666666667
25 50 0.6666666666666667
25 51 0.3333333333333334
25 54 0.6666666666666667
26 0 0.6666666666666667
26 1 0.6666666666666667
26 2 0.3333333333333334
26 3 0.3333333333333334
26 4 0.6666666666666667
26 5 0.3333333333333334
26 6 0.6666666666666667
26 7 0.6666666666666667
26 8 0.3333333333333334
26 9 0.6666666666666667
26 10 0.6666666666666667
26 12 0.6666666666666667
26 13 0.6666666666666667
26 14 0.6666666666666667
26 15 0.6666666666666667
26 16 0.6666666666666667
26 17 0.3333333333333334
26 18 0.3333333333333334
26 19 0.6666666666666667
26 20 0.6666666666666667
26 21 0.6666666666666667
26 22 0.6666666666666667
26 23 0.6666666666666667
26 24 0.3333333333333334
26 25 0.3333333333333334
26 26 0.3333333333333334
26 27 0.3333333333333334
26 28 0.6666666666666667
26 29 0.6666666666666667
26 30 0.6666666666666667
26 31 0.6666666666666667
26 32 0.3333333333333334
26 37 0.6666666666666667
26 38 0.6666666666666667
26 39 0.3333333333333334
26 41 0.6666666666666667
26 44 0.6666666666666667
26 45 0.6666666666666667
26 46 0.6666666666666667
26 47 0.6666666666666667
26 48 0.3333333333333334
26 49 0.6666666666666667
26 50 0.6666666666666667
26 51 0.3333333333333334
26 54 0.6666666666666667
27 0 0.6666666666666667
27 1 0.6666666666666667
27 2 0.3333333333333334
27 3 0.3333333333333334
27 4 0.6666666666666667
27 5 0.3333333333333334
27 6 0.6666666666666667
27 7 0.6666666666666667
27 8 0.3333333333333334
27 9 0.6666666666666667
27 10 0.6666666666666667
27 12 0.6666666666666667
27 13 0.6666666666666667
27 14 0.6666666666666667
27 15 0.6666666666666667
27 16 0.6666666666666667
27 17 0.3333333333333334
27 18 0.3333333333333334
27 19 0.6666666666666667
27 20 0.6666666666666667
27 21 0.6666666666666667
27 22 0.6666666666666667
27 23 0.6666666666666667
27 24 0.3333333333333334
27 25 0.3333333333333334
27 26 0.3333333333333334
27 27 0.3333333333333334
27 28 0.6666666666666667
27 29 0.6666666666666667
27 30 0.6666666666666667
27 31 0.6666666666666667
27 32 0.3333333333333334
27 37 0.6666666666666667
27 38 0.6666666666666667
27 39 0.3333333333333334
27 41 0.6666666666666667
27 44 0.6666666666666667
27 45 0.6666666666666667
27 46 0.6666666666666667
27 47 0.6666666666666667
27 48 0.3333333333333334
27 49 0.6666666666666667
27 50 0.6666666666666667
27 51 0.3333333333333334
27 54 0.6666666666666667
28 0 0.3333333333333334
28 1 0.3333333333333334
28 2 0.6666666666666667
28 3 0.6666666666666667
28 4 0.6666666666666667
28 5 0.6666666666666667
28 6 0.6666666666666667
28 7 0.6666666666666667
28 8 0.6666666666666667
28 9 0.3333333333333334
28 10 0.6666666666666667
28 13 0.6666666666666667
28 14 0.3333333333333334
28 15 0.3333333333333334
28 16 0.6666666666666667
28 17 0.6666666666666667
28 18 0.6666666666666667
28 19 0.6666666666666667
28 20 0.3333333333333334
28 21 0.3333333333333334
28 22 0.3333333333333334
28 23 0.3333333333333334
28 24 0.6666666666666667
28 25 0.6666666666666667
28 26 0.6666666666666667
28 27 0.6666666666666667
28 28 0.3333333333333334
28 29 0.3333333333333334
28 30 0.6666666666666667
28 31 0.6666666666666667
28 32 0.6666666666666667
28 39 0.6666666666666667
28 44 0.6666666666666667
28 45 0.3333333333333334
28 47 0.6666666666666667
28 48 0.6666666666666667
28 49 0.6666666666666667
28 50 0.3333333333333334
28 51 0.6666666666666667
29 0 0.3333333333333334
29 1 0.3333333333333334
29 2 0.6666666666666667
29 3 0.6666666666666667
29 4 0.6666666666666667
29 5 0.6666666666666667
29 6 0.6666666666666667
29 7 0.6666666666666667
29 8 0.6666666666666667
29 9 0.3333333333333334
29 10 0.6666666666666667
29 13 0.6666666666666667
29 14 0.3333333333333334
29 15 0.3333333333333334
29 16 0.6666666666666667
29 17 0.6666666666666667
29 18 0.6666666666666667
29 19 0.6666666666666667
29 20 0.3333333333333334
29 21 0.3333333333333334
29 22 0.3333333333333334
29 23 0.3333333333333334
29 24 0.6666666666666667
29 25 0.6666666666666667
29 26 0.6666666666666667
29 27 0.6666666666666667
29 28 0.3333333333333334
29 29 0.3333333333333334
29 30 0.6666666666666667
29 31 0.6666666666666667
29 32 0.6666666666666667
29 39 0.6666666666666667
29 44 0.6666666666666667
29 45 0.3333333333333334
29 47 0.6666666666666667
29 48 0.6666666666666667
29 49 0.6666666666666667
29 50 0.3333333333333334
29 51 0.6666666666666667
30 0 0.6666666666666667
30 1 0.6666666666666667
30 2 0.6666666666666667
30 3 0.6666666666666667
30 4 0.6666666666666667
30 5 0.6666666666666667
30 6 0.6666666666666667
30 7 0.3333333333333334
30 8 0.6666666666666667
30 9 0.6666666666666667
30 10 0.3333333333333334
30 13 0.6666666666666667
30 14 0.6666666666666667
30 15 0.6666666666666667
30 16 0.3333333333333334
30 17 0.6666666666666667
30 18 0.6666666666666667
30 19 0.6666666666666667
30 20 0.6666666666666667
30 21 0.6666666666666667
30 22 0.6666666666666667
30 23 0.6666666666666667
30 24 0.6666666666666667
30 25 0.6666666666666667
30 26 0.6666666666666667
30 27 0.6666666666666667
30 28 0.6666666666666667
30 29 0.6666666666666667
30 30 0.3333333333333334
30 31 0.6666666666666667
30 32 0.6666666666666667
30 33 0.6666666666666667
30 34 0.6666666666666667
30 39 0.6666666666666667
30 40 0.6666666666666667
30 42 0.6666666666666667
30 44 0.6666666666666667
30 45 0.6666666666666667
30 47 0.6666666666666667
30 48 0.6666666666666667
30 49 0.3333333333333334
30 50 0.6666666666666667
30 51 0.6666666666666667
30 53 0.6666666666666667
30 56 0.6666666666666667
30 57 0.6666666666666667
31 0 0.6666666666666667
31 1 0.6666666666666667
31 2 0.6666666666666667
31 3 0.6666666666666667
31 4 0.3333333333333334
31 5 0.6666666666666667
31 6 0.3333333333333334
31 7 0.6666666666666667
31 8 0.6666666666666667
31 9 0.6666666666666667
31 10 0.6666666666666667
31 11 0.6666666666666667
31 13 0.3333333333333334
31 14 0.6666666666666667
31 15 0.6666666666666667
31 16 0.6666666666666667
31 17 0.6666666666666667
31 18 0.6666666666666667
31 19 0.3333333333333334
31 20 0.6666666666666667
31 21 0.6666666666666667
31 22 0.6666666666666667
31 23 0.6666666666666667
31 24 0.6666666666666667
31 25 0.6666666666666667
31 26 0.6666666666666667
31 27 0.6666666666666667
31 28 0.6666666666666667
31 29 0.6666666666666667
31 30 0.6666666666666667
31 31 0.3333333333333334
31 32 0.6666666666666667
31 39 0.6666666666666667
31 44 0.3333333333333334
31 45 0.6666666666666667
31 47 0.3333333333333334
31 48 0.6666666666666667
31 49 0.6666666666666667
31 50 0.6666666666666667
31 51 0.6666666666666667
32 0 0.6666666666666667
32 1 0.6666666666666667
32 2 0.3333333333333334
32 3 0.3333333333333334
32 4 0.6666666666666667
32 5 0.3333333333333334
32 6 0.6666666666666667
32 7 0.6666666666666667
32 8 0.3333333333333334
32 9 0.6666666666666667
32 10 0.6666666666666667
32 12 0.6666666666666667
32 13 0.6666666666666667
32 14 0.6666666666666667
32 15 0.6666666666666667
32 16 0.6666666666666667
32 17 0.3333333333333334
32 18 0.3333333333333334
32 19 0.6666666666666667
32 20 0.6666666666666667
32 21 0.6666666666666667
32 22 0.6666666666666667
32 23 0.6666666666666667
32 24 0.3333333333333334
32 25 0.3333333333333334
32 26 0.3333333333333334
32 27 0.3333333333333334
32 28 0.6666666666666667
32 29 0.6666666666666667
32 30 0.6666666666666667
32 31 0.6666666666666667
32 32 0.3333333333333334
32 37 0.6666666666666667
32 38 0.6666666666666667
32 39 0.3333333333333334
32 41 0.6666666666666667
32 44 0.6666666666666667
32 45 0.6666666666666667
32 46 0.6666666666666667
32 47 0.6666666666666667
32 48 0.3333333333333334
32 49 0.6666666666666667
32 50 0.6666666666666667
32 51 0.3333333333333334
32 54 0.6666666666666667
33 7 0.6666666666666667
33 10 0.6666666666666667
33 11 0.6666666666666667
33 12 0.6666666666666667
33 16 0.6666666666666667
33 30 0.6666666666666667
33 33 0.3333333333333334
33 34 0.3333333333333334
33 35 0.6666666666666667
33 36 0.6666666666666667
33 37 0.6666666666666667
33 38 0.6666666666666667
33 40 0.3333333333333334
33 41 0.6666666666666667
33 42 0.3333333333333334
33 43 0.6666666666666667
33 46 0.6666666666666667
33 49 0.6666666666666667
33 52 0.6666666666666667
33 53 0.3333333333333334
33 54 0.6666666666666667
33 55 0.6666666666666667
33 56 0.3333333333333334
33 57 0.3333333333333334
34 7 0.6666666666666667
34 10 0.6666666666666667
34 11 0.6666666666666667
34 12 0.6666666666666667
34 16 0.6666666666666667
34 30 0.6666666666666667
34 33 0.3333333333333334
34 34 0.3333333333333334
34 35 0.6666666666666667
34 36 0.6666666666666667
34 37 0.6666666666666667
34 38 0.6666666666666667
34 40 0.3333333333333334
34 41 0.6666666666666667
34 42 0.3333333333333334
34 43 0.6666666666666667
34 46 0.6666666666666667
34 49 0.6666666666666667
34 52 0.6666666666666667
34 53 0.3333333333333334
34 54 0.6666666666666667
34 55 0.6666666666666667
34 56 0.3333333333333334
34 57 0.3333333333333334
35 11 0.6666666666666667
35 12 0.6666666666666667
35 33 0.6666666666666667
35 34 0.6666666666666667
35 35 0.3333333333333334
35 36 0.3333333333333334
35 37 0.6666666666666667
35 38 0.6666666666666667
35 40 0.6666666666666667
35 41 0.6666666666666667
35 42 0.6666666666666667
35 43 0.3333333333333334
35 46 0.6666666666666667
35 52 0.3333333333333334
35 53 0.6666666666666667
35 54 0.6666666666666667
35 55 0.3333333333333334
35 56 0.6666666666666667
35 57 0.6666666666666667
36 11 0.6666666666666667
36 12 0.6666666666666667
36 33 0.6666666666666667
36 34 0.6666666666666667
36 35 0.3333333333333334
36 36 0.3333333333333334
36 37 0.6666666666666667
36 38 0.6666666666666667
36 40 0.6666666666666667
36 41 0.6666666666666667
36 42 0.6666666666666667
36 43 0.3333333333333334
36 46 0.6666666666666667
36 52 0.3333333333333334
36 53 0.6666666666666667
36 54 0.6666666666666667
36 55 0.3333333333333334
36 56 0.6666666666666667
36 57 0.6666666666666667
37 2 0.6666666666666667
37 3 0.6666666666666667
37 5 0.6666666666666667
37 8 0.6666666666666667
37 11 0.6666666666666667
37 12 0.3333333333333334
37 17 0.6666666666666667
37 18 0.6666666666666667
37 24 0.6666666666666667
37 25 0.6666666666666667
37 26 0.6666666666666667
37 27 0.6666666666666667
37 32 0.6666666666666667
37 33 0.6666666666666667
37 34 0.6666666666666667
37 35 0.6666666666666667
37 36 0.6666666666666667
37 37 0.3333333333333334
37 38 0.3333333333333334
37 39 0.6666666666666667
37 40 0.6666666666666667
37 41 0.3333333333333334
37 42 0.6666666666666667
37 43 0.6666666666666667
37 46 0.3333333333333334
37 48 0.6666666666666667
37 51 0.6666666666666667
37 52 0.6666666666666667
37 53 0.6666666666666667
37 54 0.3333333333333334
37 55 0.6666666666666667
37 56 0.6666666666666667
37 57 0.6666666666666667
38 2 0.6666666666666667
38 3 0.6666666666666667
38 5 0.6666666666666667
38 8 0.6666666666666667
38 11 0.6666666666666667
38 12 0.3333333333333334
38 17 0.6666666666666667
38 18 0.6666666666666667
38 24 0.6666666666666667
38 25 0.6666666666666667
38 26 0.6666666666666667
38 27 0.6666666666666667
38 32 0.6666666666666667
38 33 0.6666666666666667
38 34 0.6666666666666667
38 35 0.6666666666666667
38 36 0.6666666666666667
38 37 0.3333333333333334
38 38 0.3333333333333334
38 39 0.6666666666666667
38 40 0.6666666666666667
38 41 0.3333333333333334
38 42 0.6666666666666667
38 43 0.6666666666666667
38 46 0.3333333333333334
38 48 0.6666666666666667
38 51 0.6666666666666667
38 52 0.6666666666666667
38 53 0.6666666666666667
38 54 0.3333333333333334
38 55 0.6666666666666667
38 56 0.6666666666666667
38 57 0.6666666666666667
39 0 0.6666666666666667
39 1 0.6666666666666667
39 2 0.3333333333333334
39 3 0.3333333333333334
39 4 0.6666666666666667
39 5 0.3333333333333334
39 6 0.6666666666666667
39 7 0.6666666666666667
39 8 0.3333333333333334
39 9 0.6666666666666667
39 10 0.6666666666666667
39 12 0.6666666666666667
39 13 0.6666666666666667
39 14 0.6666666666666667
39 15 0.6666666666666667
39 16 0.6666666666666667
39 17 0.3333333333333334
39 18 0.3333333333333334
39 19 0.6666666666666667
39 20 0.6666666666666667
39 21 0.6666666666666667
39 22 0.6666666666666667
39 23 0.6666666666666667
39 24 0.3333333333333334
39 25 0.3333333333333334
39 26 0.3333333333333334
39 27 0.3333333333333334
39 28 0.6666666666666667
39 29 0.6666666666666667
39 30 0.6666666666666667
39 31 0.6666666666666667
39 32 0.3333333333333334
39 37 0.6666666666666667
39 38 0.6666666666666667
39 39 0.3333333333333334
39 41 0.6666666666666667
39 44 0.6666666666666667
39 45 0.6666666666666667
39 46 0.6666666666666667
39 47 0.6666666666666667
39 48 0.3333333333333334
39 49 0.6666666666666667
39 50 0.6666666666666667
39 51 0.3333333333333334
39 54 0.6666666666666667
40 7 0.6666666666666667
40 10 0.6666666666666667
40 11 0.6666666666666667
40 12 0.6666666666666667
40 16 0.6666666666666667
40 30 0.6666666666666667
40 33 0.3333333333333334
40 34 0.3333333333333334
40 35 0.6666666666666667
40 36 0.6666666666666667
40 37 0.6666666666666667
40 38 0.6666666666666667
40 40 0.3333333333333334
40 41 0.6666666666666667
40 42 0.3333333333333334
40 43 0.6666666666666667
40 46 0.6666666666666667
40 49 0.6666666666666667
40 52 0.6666666666666667
40 53 0.3333333333333334
40 54 0.6666666666666667
40 55 0.6666666666666667
40 56 0.3333333333333334
40 57 0.3333333333333334
41 2 0.6666666666666667
41 3 0.6666666666666667
41 5 0.6666666666666667
41 8 0.6666666666666667
41 11 0.6666666666666667
41 12 0.3333333333333334
41 17 0.6666666666666667
41 18 0.6666666666666667
41 24 0.6666666666666667
41 25 0.6666666666666667
41 26 0.6666666666666667
41 27 0.6666666666666667
41 32 0.6666666666666667
41 33 0.6666666666666667
41 34 0.6666666666666667
41 35 0.6666666666666667
41 36 0.6666666666666667
41 37 0.3333333333333334
41 38 0.3333333333333334
41 39 0.6666666666666667
41 40 0.6666666666666667
41 41 0.3333333333333334
41 42 0.6666666666666667
41 43 0.6666666666666667
41 46 0.3333333333333334
41 48 0.6666666666666667
41 51 0.6666666666666667
41 52 0.6666666666666667
41 53 0.6666666666666667
41 54 0.3333333333333334
41 55 0.6666666666666667
41 56 0.6666666666666667
41 57 0.6666666666666667
42 7 0.6666666666666667
42 10 0.6666666666666667
42 11 0.6666666666666667
42 12 0.6666666666666667
42 16 0.6666666666666667
42 30 0.6666666666666667
42 33 0.3333333333333334
42 34 0.3333333333333334
42 35 0.6666666666666667
42 36 0.6666666666666667
42 37 0.6666666666666667
42 38 0.6666666666666667
42 40 0.3333333333333334
42 41 0.6666666666666667
42 42 0.3333333333333334
42 43 0.6666666666666667
42 46 0.6666666666666667
42 49 0.6666666666666667
42 52 0.6666666666666667
42 53 0.3333333333333334
42 54 0.6666666666666667
42 55 0.6666666666666667
42 56 0.3333333333333334
42 57 0.3333333333333334
43 11 0.6666666666666667
43 12 0.6666666666666667
43 33 0.6666666666666667
43 34 0.6666666666666667
43 35 0.3333333333333334
43 36 0.3333333333333334
43 37 0.6666666666666667
43 38 0.6666666666666667
43 40 0.6666666666666667
43 41 0.6666666666666667
43 42 0.6666666666666667
43 43 0.3333333333333334
43 46 0.6666666666666667
43 52 0.3333333333333334
43 53 0.6666666666666667
43 54 0.6666666666666667
43 55 0.3333333333333334
43 56 0.6666666666666667
43 57 0.6666666666666667
44 0 0.6666666666666667
44 1 0.6666666666666667
44 2 0.6666666666666667
44 3 0.6666666666666667
44 4 0.3333333333333334
44 5 0.6666666666666667
44 6 0.3333333333333334
44 7 0.6666666666666667
44 8 0.6666666666666667
44 9 0.6666666666666667
44 10 0.6666666666666667
44 11 0.6666666666666667
44 13 0.3333333333333334
44 14 0.6666666666666667
44 15 0.6666666666666667
44 16 0.6666666666666667
44 17 0.6666666666666667
44 18 0.6666666666666667
44 19 0.3333333333333334
44 20 0.6666666666666667
44 21 0.6666666666666667
44 22 0.6666666666666667
44 23 0.6666666666666667
44 24 0.6666666666666667
44 25 0.6666666666666667
44 26 0.6666666666666667
44 27 0.6666666666666667
44 28 0.6666666666666667
44 29 0.6666666666666667
44 30 0.6666666666666667
44 31 0.3333333333333334
44 32 0.6666666666666667
44 39 0.6666666666666667
44 44 0.3333333333333334
44 45 0.6666666666666667
44 47 0.3333333333333334
44 48 0.6666666666666667
44 49 0.6666666666666667
44 50 0.6666666666666667
44 51 0.6666666666666667
45 0 0.3333333333333334
45 1 0.3333333333333334
45 2 0.6666666666666667
45 3 0.6666666666666667
45 4 0.6666666666666667
45 5 0.6666666666666667
45 6 0.6666666666666667
45 7 0.6666666666666667
45 8 0.6666666666666667
45 9 0.3333333333333334
45 10 0.6666666666666667
45 13 0.6666666666666667
45 14 0.3333333333333334
45 15 0.3333333333333334
45 16 0.6666666666666667
45 17 0.6666666666666667
45 18 0.6666666666666667
45 19 0.6666666666666667
45 20 0.3333333333333334
45 21 0.3333333333333334
45 22 0.3333333333333334
45 23 0.3333333333333334
45 24 0.6666666666666667
45 25 0.6666666666666667
45 26 0.6666666666666667
45 27 0.6666666666666667
45 28 0.3333333333333334
45 29 0.3333333333333334
45 30 0.6666666666666667
45 31 0.6666666666666667
45 32 0.6666666666666667
45 39 0.6666666666666667
45 44 0.6666666666666667
45 45 0.3333333333333334
45 47 0.6666666666666667
45 48 0.6666666666666667
45 49 0.6666666666666667
45 50 0.3333333333333334
45 51 0.6666666666666667
46 2 0.6666666666666667
46 3 0.6666666666666667
46 5 0.6666666666666667
46 8 0.6666666666666667
46 11 0.6666666666666667
46 12 0.3333333333333334
46 17 0.6666666666666667
46 18 0.6666666666666667
46 24 0.6666666666666667
46 25 0.6666666666666667
46 26 0.6666666666666667
46 27 0.6666666666666667
46 32 0.6666666666666667
46 33 0.6666666666666667
46 34 0.6666666666666667
46 35 0.6666666666666667
46 36 0.6666666666666667
46 37 0.3333333333333334
46 38 0.3333333333333334
46 39 0.6666666666666667
46 40 0.6666666666666667
46 41 0.3333333333333334
46 42 0.6666666666666667
46 43 0.6666666666666667
46 46 0.3333333333333334
46 48 0.6666666666666667
46 51 0.6666666666666667
46 52 0.6666666666666667
46 53 0.6666666666666667
46 54 0.3333333333333334
46 55 0.6666666666666667
46 56 0.6666666666666667
46 57 0.6666666666666667
47 0 0.6666666666666667
47 1 0.6666666666666667
47 2 0.6666666666666667
47 3 0.6666666666666667
47 4 0.3333333333333334
47 5 0.6666666666666667
47 6 0.3333333333333334
47 7 0.6666666666666667
47 8 0.6666666666666667
47 9 0.6666666666666667
47 10 0.6666666666666667
47 11 0.6666666666666667
47 13 0.3333333333333334
47 14 0.6666666666666667
47 15 0.6666666666666667
47 16 0.6666666666666667
47 17 0.6666666666666667
47 18 0.6666666666666667
47 19 0.3333333333333334
47 20 0.6666666666666667
47 21 0.6666666666666667
47 22 0.6666666666666667
47 23 0.6666666666666667
47 24 0.6666666666666667
47 25 0.6666666666666667
47 26 0.6666666666666667
47 27 0.6666666666666667
47 28 0.6666666666666667
47 29 0.6666666666666667
47 30 0.6666666666666667
47 31 0.3333333333333334
47 32 0.6666666666666667
47 39 0.6666666666666667
47 44 0.3333333333333334
47 45 0.6666666666666667
47 47 0.3333333333333334
47 48 0.6666666666666667
47 49 0.6666666666666667
47 50 0.6666666666666667
47 51 0.6666666666666667
48 0 0.6666666666666667
48 1 0.6666666666666667
48 2 0.3333333333333334
48 3 0.3333333333333334
48 4 0.6666666666666667
48 5 0.3333333333333334
48 6 0.6666666666666667
48 7 0.6666666666666667
48 8 0.3333333333333334
48 9 0.6666666666666667
48 10 0.6666666666666667
48 12 0.6666666666666667
48 13 0.6666666666666667
48 14 0.6666666666666667
48 15 0.6666666666666667
48 16 0.6666666666666667
48 17 0.3333333333333334
48 18 0.3333333333333334
48 19 0.6666666666666667
48 20 0.6666666666666667
48 21 0.6666666666666667
48 22 0.6666666666666667
48 23 0.6666666666666667
48 24 0.3333333333333334
48 25 0.3333333333333334
48 26 0.3333333333333334
48 27 0.3333333333333334
48 28 0.6666666666666667
48 29 0.6666666666666667
48 30 0.6666666666666667
48 31 0.6666666666666667
48 32 0.3333333333333334
48 37 0.6666666666666667
48 38 0.6666666666666667
48 39 0.3333333333333334
48 41 0.6666666666666667
48 44 0.6666666666666667
48 45 0.6666666666666667
48 46 0.6666666666666667
48 47 0.6666666666666667
48 48 0.3333333333333334
48 49 0.6666666666666667
48 50 0.6666666666666667
48 51 0.3333333333333334
48 54 0.6666666666666667
49 0 0.6666666666666667
49 1 0.6666666666666667
49 2 0.6666666666666667
49 3 0.6666666666666667
49 4 0.6666666666666667
49 5 0.6666666666666667
49 6 0.6666666666666667
49 7 0.3333333333333334
49 8 0.6666666666666667
49 9 0.6666666666666667
49 10 0.3333333333333334
49 13 0.6666666666666667
49 14 0.6666666666666667
49 15 0.6666666666666667
49 16 0.3333333333333334
49 17 0.6666666666666667
49 18 0.6666666666666667
49 19 0.6666666666666667
49 20 0.6666666666666667
49 21 0.6666666666666667
49 22 0.6666666666666667
49 23 0.6666666666666667
49 24 0.6666666666666667
49 25 0.6666666666666667
49 26 0.6666666666666667
49 27 0.6666666666666667
49 28 0.6666666666666667
49 29 0.6666666666666667
49 30 0.3333333333333334
49 31 0.6666666666666667
49 32 0.6666666666666667
49 33 0.6666666666666667
49 34 0.6666666666666667
49 39 0.6666666666666667
49 40 0.6666666666666667
49 42 0.6666666666666667
49 44 0.6666666666666667
49 45 0.6666666666666667
49 47 0.6666666666666667
49 48 0.6666666666666667
49 49 0.3333333333333334
49 50 0.6666666666666667
49 51 0.6666666666666667
49 53 0.6666666666666667
49 56 0.6666666666666667
49 57 0.6666666666666667
50 0 0.3333333333333334
50 1 0.3333333333333334
50 2 0.6666666666666667
50 3 0.6666666666666667
50 4 0.6666666666666667
50 5 0.6666666666666667
50 6 0.6666666666666667
50 7 0.6666666666666667
50 8 0.6666666666666667
50 9 0.3333333333333334
50 10 0.6666666666666667
50 13 0.6666666666666667
50 14 0.3333333333333334
50 15 0.3333333333333334
50 16 0.6666666666666667
50 17 0.6666666666666667
50 18 0.6666666666666667
50 19 0.6666666666666667
50 20 0.3333333333333334
50 21 0.3333333333333334
50 22 0.3333333333333334
50 23 0.3333333333333334
50 24 0.6666666666666667
50 25 0.6666666666666667
50 26 0.6666666666666667
50 27 0.6666666666666667
50 28 0.3333333333333334
50 29 0.3333333333333334
50 30 0.6666666666666667
50 31 0.6666666666666667
50 32 0.6666666666666667
50 39 0.6666666666666667
50 44 0.6666666666666667
50 45 0.3333333333333334
50 47 0.6666666666666667
50 48 0.6666666666666667
50 49 0.6666666666666667
50 50 0.3333333333333334
50 51 0.6666666666666667
51 0 0.6666666666666667
51 1 0.6666666666666667
51 2 0.3333333333333334
51 3 0.3333333333333334
51 4 0.6666666666666667
51 5 0.3333333333333334
51 6 0.6666666666666667
51 7 0.6666666666666667
51 8 0.3333333333333334
51 9 0.6666666666666667
51 10 0.6666666666666667
51 12 0.6666666666666667
51 13 0.6666666666666667
51 14 0.6666666666666667
51 15 0.6666666666666667
51 16 0.6666666666666667
51 17 0.3333333333333334
51 18 0.3333333333333334
51 19 0.6666666666666667
51 20 0.6666666666666667
51 21 0.6666666666666667
51 22 0.6666666666666667
51 23 0.6666666666666667
51 24 0.3333333333333334
51 25 0.3333333333333334
51 26 0.3333333333333334
51 27 0.3333333333333334
51 28 0.6666666666666667
51 29 0.6666666666666667
51 30 0.6666666666666667
51 31 0.6666666666666667
51 32 0.3333333333333334
51 37 0.6666666666666667
51 38 0.6666666666666667
51 39 0.3333333333333334
51 41 0.6666666666666667
51 44 0.6666666666666667
51 45 0.6666666666666667
51 46 0.6666666666666667
51 47 0.6666666666666667
51 48 0.3333333333333334
51 49 0.6666666666666667
51 50 0.6666666666666667
51 51 0.3333333333333334
51 54 0.6666666666666667
52 11 0.6666666666666667
52 12 0.6666666666666667
52 33 0.6666666666666667
52 34 0.6666666666666667
52 35 0.3333333333333334
52 36 0.3333333333333334
52 37 0.6666666666666667
52 38 0.6666666666666667
52 40 0.6666666666666667
52 41 0.6666666666666667
52 42 0.6666666666666667
52 43 0.3333333333333334
52 46 0.6666666666666667
52 52 0.3333333333333334
52 53 0.6666666666666667
52 54 0.6666666666666667
52 55 0.3333333333333334
52 56 0.6666666666666667
52 57 0.6666666666666667
53 7 0.6666666666666667
53 10 0.6666666666666667
53 11 0.6666666666666667
53 12 0.6666666666666667
53 16 0.6666666666666667
53 30 0.6666666666666667
53 33 0.3333333333333334
53 34 0.3333333333333334
53 35 0.6666666666666667
53 36 0.6666666666666667
53 37 0.6666666666666667
53 38 0.6666666666666667
53 40 0.3333333333333334
53 41 0.6666666666666667
53 42 0.3333333333333334
53 43 0.6666666666666667
53 46 0.6666666666666667
53 49 0.6666666666666667
53 52 0.6666666666666667
53 53 0.3333333333333334
53 54 0.6666666666666667
53 55 0.6666666666666667
53 56 0.3333333333333334
53 57 0.3333333333333334
54 2 0.6666666666666667
54 3 0.6666666666666667
54 5 0.6666666666666667
54 8 0.6666666666666667
54 11 0.6666666666666667
54 12 0.3333333333333334
54 17 0.6666666666666667
54 18 0.6666666666666667
54 24 0.6666666666666667
54 25 0.6666666666666667
54 26 0.6666666666666667
54 27 0.6666666666666667
54 32 0.6666666666666667
54 33 0.6666666666666667
54 34 0.6666666666666667
54 35 0.6666666666666667
54 36 0.6666666666666667
54 37 0.3333333333333334
54 38 0.3333333333333334
54 39 0.6666666666666667
54 40 0.6666666666666667
54 41 0.3333333333333334
54 42 0.6666666666666667
54 43 0.6666666666666667
54 46 0.3333333333333334
54 48 0.6666666666666667
54 51 0.6666666666666667
54 52 0.6666666666666667
54 53 0.6666666666666667
54 54 0.3333333333333334
54 55 0.6666666666666667
54 56 0.6666666666666667
54 57 0.6666666666666667
55 11 0.6666666666666667
55 12 0.6666666666666667
55 33 0.6666666666666667
55 34 0.6666666666666667
55 35 0.3333333333333334
55 36 0.3333333333333334
55 37 0.6666666666666667
55 38 0.6666666666666667
55 40 0.6666666666666667
55 41 0.6666666666666667
55 42 0.6666666666666667
55 43 0.3333333333333334
55 46 0.6666666666666667
55 52 0.3333333333333334
55 53 0.6666666666666667
55 54 0.6666666666666667
55 55 0.3333333333333334
55 56 0.6666666666666667
55 57 0.6666666666666667
56 7 0.6666666666666667
56 10 0.6666666666666667
56 11 0.6666666666666667
56 12 0.6666666666666667
56 16 0.6666666666666667
56 30 0.6666666666666667
56 33 0.3333333333333334
56 34 0.3333333333333334
56 35 0.6666666666666667
56 36 0.6666666666666667
56 37 0.6666666666666667
56 38 0.6666666666666667
56 40 0.3333333333333334
56 41 0.6666666666666667
56 42 0.3333333333333334
56 43 0.6666666666666667
56 46 0.6666666666666667
56 49 0.6666666666666667
56 52 0.6666666666666667
56 53 0.3333333333333334
56 54 0.6666666666666667
56 55 0.6666666666666667
56 56 0.3333333333333334
56 57 0.3333333333333334
57 7 0.6666666666666667
57 10 0.6666666666666667
57 11 0.6666666666666667
57 12 0.6666666666666667
57 16 0.6666666666666667
57 30 0.6666666666666667
57 33 0.3333333333333334
57 34 0.3333333333333334
57 35 0.6666666666666667
57 36 0.6666666666666667
57 37 0.6666666666666667
57 38 0.6666666666666667
57 40 0.3333333333333334
57 41 0.6666666666666667
57 42 0.3333333333333334
57 43 0.6666666666666667
57 46 0.6666666666666667
57 49 0.6666666666666667
57 52 0.6666666666666667
57 53 0.3333333333333334
57 54 0.6666666666666667
57 55 0.6666666666666667
57 56 0.3333333333333334
57 57 0.3333333333333334
